{
 "cells": [
  {
   "cell_type": "code",
   "execution_count": 1,
   "id": "4b44c08d",
   "metadata": {},
   "outputs": [
    {
     "data": {
      "text/html": [
       "<div>\n",
       "<style scoped>\n",
       "    .dataframe tbody tr th:only-of-type {\n",
       "        vertical-align: middle;\n",
       "    }\n",
       "\n",
       "    .dataframe tbody tr th {\n",
       "        vertical-align: top;\n",
       "    }\n",
       "\n",
       "    .dataframe thead th {\n",
       "        text-align: right;\n",
       "    }\n",
       "</style>\n",
       "<table border=\"1\" class=\"dataframe\">\n",
       "  <thead>\n",
       "    <tr style=\"text-align: right;\">\n",
       "      <th></th>\n",
       "      <th>Suburb</th>\n",
       "      <th>Address</th>\n",
       "      <th>Rooms</th>\n",
       "      <th>Type</th>\n",
       "      <th>Price</th>\n",
       "      <th>Method</th>\n",
       "      <th>SellerG</th>\n",
       "      <th>Date</th>\n",
       "      <th>Distance</th>\n",
       "      <th>Postcode</th>\n",
       "      <th>...</th>\n",
       "      <th>Bathroom</th>\n",
       "      <th>Car</th>\n",
       "      <th>Landsize</th>\n",
       "      <th>BuildingArea</th>\n",
       "      <th>YearBuilt</th>\n",
       "      <th>CouncilArea</th>\n",
       "      <th>Lattitude</th>\n",
       "      <th>Longtitude</th>\n",
       "      <th>Regionname</th>\n",
       "      <th>Propertycount</th>\n",
       "    </tr>\n",
       "  </thead>\n",
       "  <tbody>\n",
       "    <tr>\n",
       "      <th>0</th>\n",
       "      <td>Abbotsford</td>\n",
       "      <td>68 Studley St</td>\n",
       "      <td>2</td>\n",
       "      <td>h</td>\n",
       "      <td>NaN</td>\n",
       "      <td>SS</td>\n",
       "      <td>Jellis</td>\n",
       "      <td>3/09/2016</td>\n",
       "      <td>2.5</td>\n",
       "      <td>3067.0</td>\n",
       "      <td>...</td>\n",
       "      <td>1.0</td>\n",
       "      <td>1.0</td>\n",
       "      <td>126.0</td>\n",
       "      <td>NaN</td>\n",
       "      <td>NaN</td>\n",
       "      <td>Yarra City Council</td>\n",
       "      <td>-37.80140</td>\n",
       "      <td>144.99580</td>\n",
       "      <td>Northern Metropolitan</td>\n",
       "      <td>4019.0</td>\n",
       "    </tr>\n",
       "    <tr>\n",
       "      <th>1</th>\n",
       "      <td>Abbotsford</td>\n",
       "      <td>85 Turner St</td>\n",
       "      <td>2</td>\n",
       "      <td>h</td>\n",
       "      <td>1480000.0</td>\n",
       "      <td>S</td>\n",
       "      <td>Biggin</td>\n",
       "      <td>3/12/2016</td>\n",
       "      <td>2.5</td>\n",
       "      <td>3067.0</td>\n",
       "      <td>...</td>\n",
       "      <td>1.0</td>\n",
       "      <td>1.0</td>\n",
       "      <td>202.0</td>\n",
       "      <td>NaN</td>\n",
       "      <td>NaN</td>\n",
       "      <td>Yarra City Council</td>\n",
       "      <td>-37.79960</td>\n",
       "      <td>144.99840</td>\n",
       "      <td>Northern Metropolitan</td>\n",
       "      <td>4019.0</td>\n",
       "    </tr>\n",
       "    <tr>\n",
       "      <th>2</th>\n",
       "      <td>Abbotsford</td>\n",
       "      <td>25 Bloomburg St</td>\n",
       "      <td>2</td>\n",
       "      <td>h</td>\n",
       "      <td>1035000.0</td>\n",
       "      <td>S</td>\n",
       "      <td>Biggin</td>\n",
       "      <td>4/02/2016</td>\n",
       "      <td>2.5</td>\n",
       "      <td>3067.0</td>\n",
       "      <td>...</td>\n",
       "      <td>1.0</td>\n",
       "      <td>0.0</td>\n",
       "      <td>156.0</td>\n",
       "      <td>79.0</td>\n",
       "      <td>1900.0</td>\n",
       "      <td>Yarra City Council</td>\n",
       "      <td>-37.80790</td>\n",
       "      <td>144.99340</td>\n",
       "      <td>Northern Metropolitan</td>\n",
       "      <td>4019.0</td>\n",
       "    </tr>\n",
       "    <tr>\n",
       "      <th>3</th>\n",
       "      <td>Abbotsford</td>\n",
       "      <td>18/659 Victoria St</td>\n",
       "      <td>3</td>\n",
       "      <td>u</td>\n",
       "      <td>NaN</td>\n",
       "      <td>VB</td>\n",
       "      <td>Rounds</td>\n",
       "      <td>4/02/2016</td>\n",
       "      <td>2.5</td>\n",
       "      <td>3067.0</td>\n",
       "      <td>...</td>\n",
       "      <td>2.0</td>\n",
       "      <td>1.0</td>\n",
       "      <td>0.0</td>\n",
       "      <td>NaN</td>\n",
       "      <td>NaN</td>\n",
       "      <td>Yarra City Council</td>\n",
       "      <td>-37.81140</td>\n",
       "      <td>145.01160</td>\n",
       "      <td>Northern Metropolitan</td>\n",
       "      <td>4019.0</td>\n",
       "    </tr>\n",
       "    <tr>\n",
       "      <th>4</th>\n",
       "      <td>Abbotsford</td>\n",
       "      <td>5 Charles St</td>\n",
       "      <td>3</td>\n",
       "      <td>h</td>\n",
       "      <td>1465000.0</td>\n",
       "      <td>SP</td>\n",
       "      <td>Biggin</td>\n",
       "      <td>4/03/2017</td>\n",
       "      <td>2.5</td>\n",
       "      <td>3067.0</td>\n",
       "      <td>...</td>\n",
       "      <td>2.0</td>\n",
       "      <td>0.0</td>\n",
       "      <td>134.0</td>\n",
       "      <td>150.0</td>\n",
       "      <td>1900.0</td>\n",
       "      <td>Yarra City Council</td>\n",
       "      <td>-37.80930</td>\n",
       "      <td>144.99440</td>\n",
       "      <td>Northern Metropolitan</td>\n",
       "      <td>4019.0</td>\n",
       "    </tr>\n",
       "    <tr>\n",
       "      <th>...</th>\n",
       "      <td>...</td>\n",
       "      <td>...</td>\n",
       "      <td>...</td>\n",
       "      <td>...</td>\n",
       "      <td>...</td>\n",
       "      <td>...</td>\n",
       "      <td>...</td>\n",
       "      <td>...</td>\n",
       "      <td>...</td>\n",
       "      <td>...</td>\n",
       "      <td>...</td>\n",
       "      <td>...</td>\n",
       "      <td>...</td>\n",
       "      <td>...</td>\n",
       "      <td>...</td>\n",
       "      <td>...</td>\n",
       "      <td>...</td>\n",
       "      <td>...</td>\n",
       "      <td>...</td>\n",
       "      <td>...</td>\n",
       "      <td>...</td>\n",
       "    </tr>\n",
       "    <tr>\n",
       "      <th>34852</th>\n",
       "      <td>Yarraville</td>\n",
       "      <td>13 Burns St</td>\n",
       "      <td>4</td>\n",
       "      <td>h</td>\n",
       "      <td>1480000.0</td>\n",
       "      <td>PI</td>\n",
       "      <td>Jas</td>\n",
       "      <td>24/02/2018</td>\n",
       "      <td>6.3</td>\n",
       "      <td>3013.0</td>\n",
       "      <td>...</td>\n",
       "      <td>1.0</td>\n",
       "      <td>3.0</td>\n",
       "      <td>593.0</td>\n",
       "      <td>NaN</td>\n",
       "      <td>NaN</td>\n",
       "      <td>Maribyrnong City Council</td>\n",
       "      <td>-37.81053</td>\n",
       "      <td>144.88467</td>\n",
       "      <td>Western Metropolitan</td>\n",
       "      <td>6543.0</td>\n",
       "    </tr>\n",
       "    <tr>\n",
       "      <th>34853</th>\n",
       "      <td>Yarraville</td>\n",
       "      <td>29A Murray St</td>\n",
       "      <td>2</td>\n",
       "      <td>h</td>\n",
       "      <td>888000.0</td>\n",
       "      <td>SP</td>\n",
       "      <td>Sweeney</td>\n",
       "      <td>24/02/2018</td>\n",
       "      <td>6.3</td>\n",
       "      <td>3013.0</td>\n",
       "      <td>...</td>\n",
       "      <td>2.0</td>\n",
       "      <td>1.0</td>\n",
       "      <td>98.0</td>\n",
       "      <td>104.0</td>\n",
       "      <td>2018.0</td>\n",
       "      <td>Maribyrnong City Council</td>\n",
       "      <td>-37.81551</td>\n",
       "      <td>144.88826</td>\n",
       "      <td>Western Metropolitan</td>\n",
       "      <td>6543.0</td>\n",
       "    </tr>\n",
       "    <tr>\n",
       "      <th>34854</th>\n",
       "      <td>Yarraville</td>\n",
       "      <td>147A Severn St</td>\n",
       "      <td>2</td>\n",
       "      <td>t</td>\n",
       "      <td>705000.0</td>\n",
       "      <td>S</td>\n",
       "      <td>Jas</td>\n",
       "      <td>24/02/2018</td>\n",
       "      <td>6.3</td>\n",
       "      <td>3013.0</td>\n",
       "      <td>...</td>\n",
       "      <td>1.0</td>\n",
       "      <td>2.0</td>\n",
       "      <td>220.0</td>\n",
       "      <td>120.0</td>\n",
       "      <td>2000.0</td>\n",
       "      <td>Maribyrnong City Council</td>\n",
       "      <td>-37.82286</td>\n",
       "      <td>144.87856</td>\n",
       "      <td>Western Metropolitan</td>\n",
       "      <td>6543.0</td>\n",
       "    </tr>\n",
       "    <tr>\n",
       "      <th>34855</th>\n",
       "      <td>Yarraville</td>\n",
       "      <td>12/37 Stephen St</td>\n",
       "      <td>3</td>\n",
       "      <td>h</td>\n",
       "      <td>1140000.0</td>\n",
       "      <td>SP</td>\n",
       "      <td>hockingstuart</td>\n",
       "      <td>24/02/2018</td>\n",
       "      <td>6.3</td>\n",
       "      <td>3013.0</td>\n",
       "      <td>...</td>\n",
       "      <td>NaN</td>\n",
       "      <td>NaN</td>\n",
       "      <td>NaN</td>\n",
       "      <td>NaN</td>\n",
       "      <td>NaN</td>\n",
       "      <td>Maribyrnong City Council</td>\n",
       "      <td>NaN</td>\n",
       "      <td>NaN</td>\n",
       "      <td>Western Metropolitan</td>\n",
       "      <td>6543.0</td>\n",
       "    </tr>\n",
       "    <tr>\n",
       "      <th>34856</th>\n",
       "      <td>Yarraville</td>\n",
       "      <td>3 Tarrengower St</td>\n",
       "      <td>2</td>\n",
       "      <td>h</td>\n",
       "      <td>1020000.0</td>\n",
       "      <td>PI</td>\n",
       "      <td>RW</td>\n",
       "      <td>24/02/2018</td>\n",
       "      <td>6.3</td>\n",
       "      <td>3013.0</td>\n",
       "      <td>...</td>\n",
       "      <td>1.0</td>\n",
       "      <td>0.0</td>\n",
       "      <td>250.0</td>\n",
       "      <td>103.0</td>\n",
       "      <td>1930.0</td>\n",
       "      <td>Maribyrnong City Council</td>\n",
       "      <td>-37.81810</td>\n",
       "      <td>144.89351</td>\n",
       "      <td>Western Metropolitan</td>\n",
       "      <td>6543.0</td>\n",
       "    </tr>\n",
       "  </tbody>\n",
       "</table>\n",
       "<p>34857 rows × 21 columns</p>\n",
       "</div>"
      ],
      "text/plain": [
       "           Suburb             Address  Rooms Type      Price Method  \\\n",
       "0      Abbotsford       68 Studley St      2    h        NaN     SS   \n",
       "1      Abbotsford        85 Turner St      2    h  1480000.0      S   \n",
       "2      Abbotsford     25 Bloomburg St      2    h  1035000.0      S   \n",
       "3      Abbotsford  18/659 Victoria St      3    u        NaN     VB   \n",
       "4      Abbotsford        5 Charles St      3    h  1465000.0     SP   \n",
       "...           ...                 ...    ...  ...        ...    ...   \n",
       "34852  Yarraville         13 Burns St      4    h  1480000.0     PI   \n",
       "34853  Yarraville       29A Murray St      2    h   888000.0     SP   \n",
       "34854  Yarraville      147A Severn St      2    t   705000.0      S   \n",
       "34855  Yarraville    12/37 Stephen St      3    h  1140000.0     SP   \n",
       "34856  Yarraville    3 Tarrengower St      2    h  1020000.0     PI   \n",
       "\n",
       "             SellerG        Date  Distance  Postcode  ...  Bathroom  Car  \\\n",
       "0             Jellis   3/09/2016       2.5    3067.0  ...       1.0  1.0   \n",
       "1             Biggin   3/12/2016       2.5    3067.0  ...       1.0  1.0   \n",
       "2             Biggin   4/02/2016       2.5    3067.0  ...       1.0  0.0   \n",
       "3             Rounds   4/02/2016       2.5    3067.0  ...       2.0  1.0   \n",
       "4             Biggin   4/03/2017       2.5    3067.0  ...       2.0  0.0   \n",
       "...              ...         ...       ...       ...  ...       ...  ...   \n",
       "34852            Jas  24/02/2018       6.3    3013.0  ...       1.0  3.0   \n",
       "34853        Sweeney  24/02/2018       6.3    3013.0  ...       2.0  1.0   \n",
       "34854            Jas  24/02/2018       6.3    3013.0  ...       1.0  2.0   \n",
       "34855  hockingstuart  24/02/2018       6.3    3013.0  ...       NaN  NaN   \n",
       "34856             RW  24/02/2018       6.3    3013.0  ...       1.0  0.0   \n",
       "\n",
       "       Landsize  BuildingArea  YearBuilt               CouncilArea Lattitude  \\\n",
       "0         126.0           NaN        NaN        Yarra City Council -37.80140   \n",
       "1         202.0           NaN        NaN        Yarra City Council -37.79960   \n",
       "2         156.0          79.0     1900.0        Yarra City Council -37.80790   \n",
       "3           0.0           NaN        NaN        Yarra City Council -37.81140   \n",
       "4         134.0         150.0     1900.0        Yarra City Council -37.80930   \n",
       "...         ...           ...        ...                       ...       ...   \n",
       "34852     593.0           NaN        NaN  Maribyrnong City Council -37.81053   \n",
       "34853      98.0         104.0     2018.0  Maribyrnong City Council -37.81551   \n",
       "34854     220.0         120.0     2000.0  Maribyrnong City Council -37.82286   \n",
       "34855       NaN           NaN        NaN  Maribyrnong City Council       NaN   \n",
       "34856     250.0         103.0     1930.0  Maribyrnong City Council -37.81810   \n",
       "\n",
       "       Longtitude             Regionname Propertycount  \n",
       "0       144.99580  Northern Metropolitan        4019.0  \n",
       "1       144.99840  Northern Metropolitan        4019.0  \n",
       "2       144.99340  Northern Metropolitan        4019.0  \n",
       "3       145.01160  Northern Metropolitan        4019.0  \n",
       "4       144.99440  Northern Metropolitan        4019.0  \n",
       "...           ...                    ...           ...  \n",
       "34852   144.88467   Western Metropolitan        6543.0  \n",
       "34853   144.88826   Western Metropolitan        6543.0  \n",
       "34854   144.87856   Western Metropolitan        6543.0  \n",
       "34855         NaN   Western Metropolitan        6543.0  \n",
       "34856   144.89351   Western Metropolitan        6543.0  \n",
       "\n",
       "[34857 rows x 21 columns]"
      ]
     },
     "execution_count": 1,
     "metadata": {},
     "output_type": "execute_result"
    }
   ],
   "source": [
    "import pandas as pd\n",
    "melb = pd.read_csv(\"C:\\\\Users\\\\HP\\\\Documents\\\\DATASCIENCE\\\\Dataset\\\\Melbourne_housing_FULL.csv\")\n",
    "melb"
   ]
  },
  {
   "cell_type": "code",
   "execution_count": 3,
   "id": "84e2577e",
   "metadata": {},
   "outputs": [
    {
     "data": {
      "text/html": [
       "<div>\n",
       "<style scoped>\n",
       "    .dataframe tbody tr th:only-of-type {\n",
       "        vertical-align: middle;\n",
       "    }\n",
       "\n",
       "    .dataframe tbody tr th {\n",
       "        vertical-align: top;\n",
       "    }\n",
       "\n",
       "    .dataframe thead th {\n",
       "        text-align: right;\n",
       "    }\n",
       "</style>\n",
       "<table border=\"1\" class=\"dataframe\">\n",
       "  <thead>\n",
       "    <tr style=\"text-align: right;\">\n",
       "      <th></th>\n",
       "      <th>Rooms</th>\n",
       "      <th>Price</th>\n",
       "      <th>Distance</th>\n",
       "      <th>Postcode</th>\n",
       "      <th>Bedroom2</th>\n",
       "      <th>Bathroom</th>\n",
       "      <th>Car</th>\n",
       "      <th>Landsize</th>\n",
       "      <th>BuildingArea</th>\n",
       "      <th>YearBuilt</th>\n",
       "      <th>Lattitude</th>\n",
       "      <th>Longtitude</th>\n",
       "      <th>Propertycount</th>\n",
       "    </tr>\n",
       "  </thead>\n",
       "  <tbody>\n",
       "    <tr>\n",
       "      <th>Rooms</th>\n",
       "      <td>1.000000</td>\n",
       "      <td>0.465238</td>\n",
       "      <td>0.271511</td>\n",
       "      <td>0.085890</td>\n",
       "      <td>0.946755</td>\n",
       "      <td>0.611826</td>\n",
       "      <td>0.393878</td>\n",
       "      <td>0.037402</td>\n",
       "      <td>0.156229</td>\n",
       "      <td>-0.012749</td>\n",
       "      <td>0.004872</td>\n",
       "      <td>0.103235</td>\n",
       "      <td>-0.071677</td>\n",
       "    </tr>\n",
       "    <tr>\n",
       "      <th>Price</th>\n",
       "      <td>0.465238</td>\n",
       "      <td>1.000000</td>\n",
       "      <td>-0.211384</td>\n",
       "      <td>0.044950</td>\n",
       "      <td>0.430275</td>\n",
       "      <td>0.429878</td>\n",
       "      <td>0.201803</td>\n",
       "      <td>0.032748</td>\n",
       "      <td>0.100754</td>\n",
       "      <td>-0.333306</td>\n",
       "      <td>-0.215607</td>\n",
       "      <td>0.197874</td>\n",
       "      <td>-0.059017</td>\n",
       "    </tr>\n",
       "    <tr>\n",
       "      <th>Distance</th>\n",
       "      <td>0.271511</td>\n",
       "      <td>-0.211384</td>\n",
       "      <td>1.000000</td>\n",
       "      <td>0.481566</td>\n",
       "      <td>0.269524</td>\n",
       "      <td>0.126201</td>\n",
       "      <td>0.241835</td>\n",
       "      <td>0.060862</td>\n",
       "      <td>0.076301</td>\n",
       "      <td>0.323059</td>\n",
       "      <td>-0.100417</td>\n",
       "      <td>0.200946</td>\n",
       "      <td>-0.018140</td>\n",
       "    </tr>\n",
       "    <tr>\n",
       "      <th>Postcode</th>\n",
       "      <td>0.085890</td>\n",
       "      <td>0.044950</td>\n",
       "      <td>0.481566</td>\n",
       "      <td>1.000000</td>\n",
       "      <td>0.089292</td>\n",
       "      <td>0.120080</td>\n",
       "      <td>0.067886</td>\n",
       "      <td>0.040664</td>\n",
       "      <td>0.042437</td>\n",
       "      <td>0.089805</td>\n",
       "      <td>-0.231027</td>\n",
       "      <td>0.362895</td>\n",
       "      <td>0.017108</td>\n",
       "    </tr>\n",
       "    <tr>\n",
       "      <th>Bedroom2</th>\n",
       "      <td>0.946755</td>\n",
       "      <td>0.430275</td>\n",
       "      <td>0.269524</td>\n",
       "      <td>0.089292</td>\n",
       "      <td>1.000000</td>\n",
       "      <td>0.614892</td>\n",
       "      <td>0.388491</td>\n",
       "      <td>0.037019</td>\n",
       "      <td>0.154157</td>\n",
       "      <td>-0.002022</td>\n",
       "      <td>0.003447</td>\n",
       "      <td>0.106164</td>\n",
       "      <td>-0.053451</td>\n",
       "    </tr>\n",
       "    <tr>\n",
       "      <th>Bathroom</th>\n",
       "      <td>0.611826</td>\n",
       "      <td>0.429878</td>\n",
       "      <td>0.126201</td>\n",
       "      <td>0.120080</td>\n",
       "      <td>0.614892</td>\n",
       "      <td>1.000000</td>\n",
       "      <td>0.307518</td>\n",
       "      <td>0.036333</td>\n",
       "      <td>0.147558</td>\n",
       "      <td>0.167955</td>\n",
       "      <td>-0.059183</td>\n",
       "      <td>0.106531</td>\n",
       "      <td>-0.032887</td>\n",
       "    </tr>\n",
       "    <tr>\n",
       "      <th>Car</th>\n",
       "      <td>0.393878</td>\n",
       "      <td>0.201803</td>\n",
       "      <td>0.241835</td>\n",
       "      <td>0.067886</td>\n",
       "      <td>0.388491</td>\n",
       "      <td>0.307518</td>\n",
       "      <td>1.000000</td>\n",
       "      <td>0.037829</td>\n",
       "      <td>0.104373</td>\n",
       "      <td>0.128702</td>\n",
       "      <td>-0.009020</td>\n",
       "      <td>0.047213</td>\n",
       "      <td>-0.009617</td>\n",
       "    </tr>\n",
       "    <tr>\n",
       "      <th>Landsize</th>\n",
       "      <td>0.037402</td>\n",
       "      <td>0.032748</td>\n",
       "      <td>0.060862</td>\n",
       "      <td>0.040664</td>\n",
       "      <td>0.037019</td>\n",
       "      <td>0.036333</td>\n",
       "      <td>0.037829</td>\n",
       "      <td>1.000000</td>\n",
       "      <td>0.354530</td>\n",
       "      <td>0.044474</td>\n",
       "      <td>0.025318</td>\n",
       "      <td>-0.002582</td>\n",
       "      <td>-0.018195</td>\n",
       "    </tr>\n",
       "    <tr>\n",
       "      <th>BuildingArea</th>\n",
       "      <td>0.156229</td>\n",
       "      <td>0.100754</td>\n",
       "      <td>0.076301</td>\n",
       "      <td>0.042437</td>\n",
       "      <td>0.154157</td>\n",
       "      <td>0.147558</td>\n",
       "      <td>0.104373</td>\n",
       "      <td>0.354530</td>\n",
       "      <td>1.000000</td>\n",
       "      <td>0.067811</td>\n",
       "      <td>0.017155</td>\n",
       "      <td>-0.002143</td>\n",
       "      <td>-0.024523</td>\n",
       "    </tr>\n",
       "    <tr>\n",
       "      <th>YearBuilt</th>\n",
       "      <td>-0.012749</td>\n",
       "      <td>-0.333306</td>\n",
       "      <td>0.323059</td>\n",
       "      <td>0.089805</td>\n",
       "      <td>-0.002022</td>\n",
       "      <td>0.167955</td>\n",
       "      <td>0.128702</td>\n",
       "      <td>0.044474</td>\n",
       "      <td>0.067811</td>\n",
       "      <td>1.000000</td>\n",
       "      <td>0.091592</td>\n",
       "      <td>-0.022175</td>\n",
       "      <td>0.022420</td>\n",
       "    </tr>\n",
       "    <tr>\n",
       "      <th>Lattitude</th>\n",
       "      <td>0.004872</td>\n",
       "      <td>-0.215607</td>\n",
       "      <td>-0.100417</td>\n",
       "      <td>-0.231027</td>\n",
       "      <td>0.003447</td>\n",
       "      <td>-0.059183</td>\n",
       "      <td>-0.009020</td>\n",
       "      <td>0.025318</td>\n",
       "      <td>0.017155</td>\n",
       "      <td>0.091592</td>\n",
       "      <td>1.000000</td>\n",
       "      <td>-0.345589</td>\n",
       "      <td>0.011112</td>\n",
       "    </tr>\n",
       "    <tr>\n",
       "      <th>Longtitude</th>\n",
       "      <td>0.103235</td>\n",
       "      <td>0.197874</td>\n",
       "      <td>0.200946</td>\n",
       "      <td>0.362895</td>\n",
       "      <td>0.106164</td>\n",
       "      <td>0.106531</td>\n",
       "      <td>0.047213</td>\n",
       "      <td>-0.002582</td>\n",
       "      <td>-0.002143</td>\n",
       "      <td>-0.022175</td>\n",
       "      <td>-0.345589</td>\n",
       "      <td>1.000000</td>\n",
       "      <td>0.016326</td>\n",
       "    </tr>\n",
       "    <tr>\n",
       "      <th>Propertycount</th>\n",
       "      <td>-0.071677</td>\n",
       "      <td>-0.059017</td>\n",
       "      <td>-0.018140</td>\n",
       "      <td>0.017108</td>\n",
       "      <td>-0.053451</td>\n",
       "      <td>-0.032887</td>\n",
       "      <td>-0.009617</td>\n",
       "      <td>-0.018195</td>\n",
       "      <td>-0.024523</td>\n",
       "      <td>0.022420</td>\n",
       "      <td>0.011112</td>\n",
       "      <td>0.016326</td>\n",
       "      <td>1.000000</td>\n",
       "    </tr>\n",
       "  </tbody>\n",
       "</table>\n",
       "</div>"
      ],
      "text/plain": [
       "                  Rooms     Price  Distance  Postcode  Bedroom2  Bathroom  \\\n",
       "Rooms          1.000000  0.465238  0.271511  0.085890  0.946755  0.611826   \n",
       "Price          0.465238  1.000000 -0.211384  0.044950  0.430275  0.429878   \n",
       "Distance       0.271511 -0.211384  1.000000  0.481566  0.269524  0.126201   \n",
       "Postcode       0.085890  0.044950  0.481566  1.000000  0.089292  0.120080   \n",
       "Bedroom2       0.946755  0.430275  0.269524  0.089292  1.000000  0.614892   \n",
       "Bathroom       0.611826  0.429878  0.126201  0.120080  0.614892  1.000000   \n",
       "Car            0.393878  0.201803  0.241835  0.067886  0.388491  0.307518   \n",
       "Landsize       0.037402  0.032748  0.060862  0.040664  0.037019  0.036333   \n",
       "BuildingArea   0.156229  0.100754  0.076301  0.042437  0.154157  0.147558   \n",
       "YearBuilt     -0.012749 -0.333306  0.323059  0.089805 -0.002022  0.167955   \n",
       "Lattitude      0.004872 -0.215607 -0.100417 -0.231027  0.003447 -0.059183   \n",
       "Longtitude     0.103235  0.197874  0.200946  0.362895  0.106164  0.106531   \n",
       "Propertycount -0.071677 -0.059017 -0.018140  0.017108 -0.053451 -0.032887   \n",
       "\n",
       "                    Car  Landsize  BuildingArea  YearBuilt  Lattitude  \\\n",
       "Rooms          0.393878  0.037402      0.156229  -0.012749   0.004872   \n",
       "Price          0.201803  0.032748      0.100754  -0.333306  -0.215607   \n",
       "Distance       0.241835  0.060862      0.076301   0.323059  -0.100417   \n",
       "Postcode       0.067886  0.040664      0.042437   0.089805  -0.231027   \n",
       "Bedroom2       0.388491  0.037019      0.154157  -0.002022   0.003447   \n",
       "Bathroom       0.307518  0.036333      0.147558   0.167955  -0.059183   \n",
       "Car            1.000000  0.037829      0.104373   0.128702  -0.009020   \n",
       "Landsize       0.037829  1.000000      0.354530   0.044474   0.025318   \n",
       "BuildingArea   0.104373  0.354530      1.000000   0.067811   0.017155   \n",
       "YearBuilt      0.128702  0.044474      0.067811   1.000000   0.091592   \n",
       "Lattitude     -0.009020  0.025318      0.017155   0.091592   1.000000   \n",
       "Longtitude     0.047213 -0.002582     -0.002143  -0.022175  -0.345589   \n",
       "Propertycount -0.009617 -0.018195     -0.024523   0.022420   0.011112   \n",
       "\n",
       "               Longtitude  Propertycount  \n",
       "Rooms            0.103235      -0.071677  \n",
       "Price            0.197874      -0.059017  \n",
       "Distance         0.200946      -0.018140  \n",
       "Postcode         0.362895       0.017108  \n",
       "Bedroom2         0.106164      -0.053451  \n",
       "Bathroom         0.106531      -0.032887  \n",
       "Car              0.047213      -0.009617  \n",
       "Landsize        -0.002582      -0.018195  \n",
       "BuildingArea    -0.002143      -0.024523  \n",
       "YearBuilt       -0.022175       0.022420  \n",
       "Lattitude       -0.345589       0.011112  \n",
       "Longtitude       1.000000       0.016326  \n",
       "Propertycount    0.016326       1.000000  "
      ]
     },
     "execution_count": 3,
     "metadata": {},
     "output_type": "execute_result"
    }
   ],
   "source": [
    "melb.corr(method=\"pearson\")"
   ]
  },
  {
   "cell_type": "code",
   "execution_count": 6,
   "id": "48e36d4e",
   "metadata": {},
   "outputs": [
    {
     "name": "stdout",
     "output_type": "stream",
     "text": [
      "<class 'pandas.core.frame.DataFrame'>\n",
      "RangeIndex: 34857 entries, 0 to 34856\n",
      "Data columns (total 21 columns):\n",
      " #   Column         Non-Null Count  Dtype  \n",
      "---  ------         --------------  -----  \n",
      " 0   Suburb         34857 non-null  object \n",
      " 1   Address        34857 non-null  object \n",
      " 2   Rooms          34857 non-null  int64  \n",
      " 3   Type           34857 non-null  object \n",
      " 4   Price          27247 non-null  float64\n",
      " 5   Method         34857 non-null  object \n",
      " 6   SellerG        34857 non-null  object \n",
      " 7   Date           34857 non-null  object \n",
      " 8   Distance       34856 non-null  float64\n",
      " 9   Postcode       34856 non-null  float64\n",
      " 10  Bedroom2       26640 non-null  float64\n",
      " 11  Bathroom       26631 non-null  float64\n",
      " 12  Car            26129 non-null  float64\n",
      " 13  Landsize       23047 non-null  float64\n",
      " 14  BuildingArea   13742 non-null  float64\n",
      " 15  YearBuilt      15551 non-null  float64\n",
      " 16  CouncilArea    34854 non-null  object \n",
      " 17  Lattitude      26881 non-null  float64\n",
      " 18  Longtitude     26881 non-null  float64\n",
      " 19  Regionname     34854 non-null  object \n",
      " 20  Propertycount  34854 non-null  float64\n",
      "dtypes: float64(12), int64(1), object(8)\n",
      "memory usage: 5.6+ MB\n"
     ]
    }
   ],
   "source": [
    "melb.info()"
   ]
  },
  {
   "cell_type": "code",
   "execution_count": 11,
   "id": "cddc4282",
   "metadata": {},
   "outputs": [],
   "source": [
    "melb.Price = melb.Price.fillna(melb.Price.mean())"
   ]
  },
  {
   "cell_type": "code",
   "execution_count": 13,
   "id": "efe97db3",
   "metadata": {},
   "outputs": [
    {
     "data": {
      "text/html": [
       "<div>\n",
       "<style scoped>\n",
       "    .dataframe tbody tr th:only-of-type {\n",
       "        vertical-align: middle;\n",
       "    }\n",
       "\n",
       "    .dataframe tbody tr th {\n",
       "        vertical-align: top;\n",
       "    }\n",
       "\n",
       "    .dataframe thead th {\n",
       "        text-align: right;\n",
       "    }\n",
       "</style>\n",
       "<table border=\"1\" class=\"dataframe\">\n",
       "  <thead>\n",
       "    <tr style=\"text-align: right;\">\n",
       "      <th></th>\n",
       "      <th>Rooms</th>\n",
       "      <th>Price</th>\n",
       "      <th>Distance</th>\n",
       "      <th>Postcode</th>\n",
       "      <th>Bedroom2</th>\n",
       "      <th>Bathroom</th>\n",
       "      <th>Car</th>\n",
       "      <th>Landsize</th>\n",
       "      <th>BuildingArea</th>\n",
       "      <th>YearBuilt</th>\n",
       "      <th>Lattitude</th>\n",
       "      <th>Longtitude</th>\n",
       "      <th>Propertycount</th>\n",
       "    </tr>\n",
       "  </thead>\n",
       "  <tbody>\n",
       "    <tr>\n",
       "      <th>Rooms</th>\n",
       "      <td>1.000000</td>\n",
       "      <td>0.404908</td>\n",
       "      <td>0.271511</td>\n",
       "      <td>0.085890</td>\n",
       "      <td>0.946755</td>\n",
       "      <td>0.611826</td>\n",
       "      <td>0.393878</td>\n",
       "      <td>0.037402</td>\n",
       "      <td>0.156229</td>\n",
       "      <td>-0.012749</td>\n",
       "      <td>0.004872</td>\n",
       "      <td>0.103235</td>\n",
       "      <td>-0.071677</td>\n",
       "    </tr>\n",
       "    <tr>\n",
       "      <th>Price</th>\n",
       "      <td>0.404908</td>\n",
       "      <td>1.000000</td>\n",
       "      <td>-0.186849</td>\n",
       "      <td>0.040512</td>\n",
       "      <td>0.368067</td>\n",
       "      <td>0.365058</td>\n",
       "      <td>0.174743</td>\n",
       "      <td>0.031958</td>\n",
       "      <td>0.098883</td>\n",
       "      <td>-0.288049</td>\n",
       "      <td>-0.191110</td>\n",
       "      <td>0.173248</td>\n",
       "      <td>-0.052935</td>\n",
       "    </tr>\n",
       "    <tr>\n",
       "      <th>Distance</th>\n",
       "      <td>0.271511</td>\n",
       "      <td>-0.186849</td>\n",
       "      <td>1.000000</td>\n",
       "      <td>0.481566</td>\n",
       "      <td>0.269524</td>\n",
       "      <td>0.126201</td>\n",
       "      <td>0.241835</td>\n",
       "      <td>0.060862</td>\n",
       "      <td>0.076301</td>\n",
       "      <td>0.323059</td>\n",
       "      <td>-0.100417</td>\n",
       "      <td>0.200946</td>\n",
       "      <td>-0.018140</td>\n",
       "    </tr>\n",
       "    <tr>\n",
       "      <th>Postcode</th>\n",
       "      <td>0.085890</td>\n",
       "      <td>0.040512</td>\n",
       "      <td>0.481566</td>\n",
       "      <td>1.000000</td>\n",
       "      <td>0.089292</td>\n",
       "      <td>0.120080</td>\n",
       "      <td>0.067886</td>\n",
       "      <td>0.040664</td>\n",
       "      <td>0.042437</td>\n",
       "      <td>0.089805</td>\n",
       "      <td>-0.231027</td>\n",
       "      <td>0.362895</td>\n",
       "      <td>0.017108</td>\n",
       "    </tr>\n",
       "    <tr>\n",
       "      <th>Bedroom2</th>\n",
       "      <td>0.946755</td>\n",
       "      <td>0.368067</td>\n",
       "      <td>0.269524</td>\n",
       "      <td>0.089292</td>\n",
       "      <td>1.000000</td>\n",
       "      <td>0.614892</td>\n",
       "      <td>0.388491</td>\n",
       "      <td>0.037019</td>\n",
       "      <td>0.154157</td>\n",
       "      <td>-0.002022</td>\n",
       "      <td>0.003447</td>\n",
       "      <td>0.106164</td>\n",
       "      <td>-0.053451</td>\n",
       "    </tr>\n",
       "    <tr>\n",
       "      <th>Bathroom</th>\n",
       "      <td>0.611826</td>\n",
       "      <td>0.365058</td>\n",
       "      <td>0.126201</td>\n",
       "      <td>0.120080</td>\n",
       "      <td>0.614892</td>\n",
       "      <td>1.000000</td>\n",
       "      <td>0.307518</td>\n",
       "      <td>0.036333</td>\n",
       "      <td>0.147558</td>\n",
       "      <td>0.167955</td>\n",
       "      <td>-0.059183</td>\n",
       "      <td>0.106531</td>\n",
       "      <td>-0.032887</td>\n",
       "    </tr>\n",
       "    <tr>\n",
       "      <th>Car</th>\n",
       "      <td>0.393878</td>\n",
       "      <td>0.174743</td>\n",
       "      <td>0.241835</td>\n",
       "      <td>0.067886</td>\n",
       "      <td>0.388491</td>\n",
       "      <td>0.307518</td>\n",
       "      <td>1.000000</td>\n",
       "      <td>0.037829</td>\n",
       "      <td>0.104373</td>\n",
       "      <td>0.128702</td>\n",
       "      <td>-0.009020</td>\n",
       "      <td>0.047213</td>\n",
       "      <td>-0.009617</td>\n",
       "    </tr>\n",
       "    <tr>\n",
       "      <th>Landsize</th>\n",
       "      <td>0.037402</td>\n",
       "      <td>0.031958</td>\n",
       "      <td>0.060862</td>\n",
       "      <td>0.040664</td>\n",
       "      <td>0.037019</td>\n",
       "      <td>0.036333</td>\n",
       "      <td>0.037829</td>\n",
       "      <td>1.000000</td>\n",
       "      <td>0.354530</td>\n",
       "      <td>0.044474</td>\n",
       "      <td>0.025318</td>\n",
       "      <td>-0.002582</td>\n",
       "      <td>-0.018195</td>\n",
       "    </tr>\n",
       "    <tr>\n",
       "      <th>BuildingArea</th>\n",
       "      <td>0.156229</td>\n",
       "      <td>0.098883</td>\n",
       "      <td>0.076301</td>\n",
       "      <td>0.042437</td>\n",
       "      <td>0.154157</td>\n",
       "      <td>0.147558</td>\n",
       "      <td>0.104373</td>\n",
       "      <td>0.354530</td>\n",
       "      <td>1.000000</td>\n",
       "      <td>0.067811</td>\n",
       "      <td>0.017155</td>\n",
       "      <td>-0.002143</td>\n",
       "      <td>-0.024523</td>\n",
       "    </tr>\n",
       "    <tr>\n",
       "      <th>YearBuilt</th>\n",
       "      <td>-0.012749</td>\n",
       "      <td>-0.288049</td>\n",
       "      <td>0.323059</td>\n",
       "      <td>0.089805</td>\n",
       "      <td>-0.002022</td>\n",
       "      <td>0.167955</td>\n",
       "      <td>0.128702</td>\n",
       "      <td>0.044474</td>\n",
       "      <td>0.067811</td>\n",
       "      <td>1.000000</td>\n",
       "      <td>0.091592</td>\n",
       "      <td>-0.022175</td>\n",
       "      <td>0.022420</td>\n",
       "    </tr>\n",
       "    <tr>\n",
       "      <th>Lattitude</th>\n",
       "      <td>0.004872</td>\n",
       "      <td>-0.191110</td>\n",
       "      <td>-0.100417</td>\n",
       "      <td>-0.231027</td>\n",
       "      <td>0.003447</td>\n",
       "      <td>-0.059183</td>\n",
       "      <td>-0.009020</td>\n",
       "      <td>0.025318</td>\n",
       "      <td>0.017155</td>\n",
       "      <td>0.091592</td>\n",
       "      <td>1.000000</td>\n",
       "      <td>-0.345589</td>\n",
       "      <td>0.011112</td>\n",
       "    </tr>\n",
       "    <tr>\n",
       "      <th>Longtitude</th>\n",
       "      <td>0.103235</td>\n",
       "      <td>0.173248</td>\n",
       "      <td>0.200946</td>\n",
       "      <td>0.362895</td>\n",
       "      <td>0.106164</td>\n",
       "      <td>0.106531</td>\n",
       "      <td>0.047213</td>\n",
       "      <td>-0.002582</td>\n",
       "      <td>-0.002143</td>\n",
       "      <td>-0.022175</td>\n",
       "      <td>-0.345589</td>\n",
       "      <td>1.000000</td>\n",
       "      <td>0.016326</td>\n",
       "    </tr>\n",
       "    <tr>\n",
       "      <th>Propertycount</th>\n",
       "      <td>-0.071677</td>\n",
       "      <td>-0.052935</td>\n",
       "      <td>-0.018140</td>\n",
       "      <td>0.017108</td>\n",
       "      <td>-0.053451</td>\n",
       "      <td>-0.032887</td>\n",
       "      <td>-0.009617</td>\n",
       "      <td>-0.018195</td>\n",
       "      <td>-0.024523</td>\n",
       "      <td>0.022420</td>\n",
       "      <td>0.011112</td>\n",
       "      <td>0.016326</td>\n",
       "      <td>1.000000</td>\n",
       "    </tr>\n",
       "  </tbody>\n",
       "</table>\n",
       "</div>"
      ],
      "text/plain": [
       "                  Rooms     Price  Distance  Postcode  Bedroom2  Bathroom  \\\n",
       "Rooms          1.000000  0.404908  0.271511  0.085890  0.946755  0.611826   \n",
       "Price          0.404908  1.000000 -0.186849  0.040512  0.368067  0.365058   \n",
       "Distance       0.271511 -0.186849  1.000000  0.481566  0.269524  0.126201   \n",
       "Postcode       0.085890  0.040512  0.481566  1.000000  0.089292  0.120080   \n",
       "Bedroom2       0.946755  0.368067  0.269524  0.089292  1.000000  0.614892   \n",
       "Bathroom       0.611826  0.365058  0.126201  0.120080  0.614892  1.000000   \n",
       "Car            0.393878  0.174743  0.241835  0.067886  0.388491  0.307518   \n",
       "Landsize       0.037402  0.031958  0.060862  0.040664  0.037019  0.036333   \n",
       "BuildingArea   0.156229  0.098883  0.076301  0.042437  0.154157  0.147558   \n",
       "YearBuilt     -0.012749 -0.288049  0.323059  0.089805 -0.002022  0.167955   \n",
       "Lattitude      0.004872 -0.191110 -0.100417 -0.231027  0.003447 -0.059183   \n",
       "Longtitude     0.103235  0.173248  0.200946  0.362895  0.106164  0.106531   \n",
       "Propertycount -0.071677 -0.052935 -0.018140  0.017108 -0.053451 -0.032887   \n",
       "\n",
       "                    Car  Landsize  BuildingArea  YearBuilt  Lattitude  \\\n",
       "Rooms          0.393878  0.037402      0.156229  -0.012749   0.004872   \n",
       "Price          0.174743  0.031958      0.098883  -0.288049  -0.191110   \n",
       "Distance       0.241835  0.060862      0.076301   0.323059  -0.100417   \n",
       "Postcode       0.067886  0.040664      0.042437   0.089805  -0.231027   \n",
       "Bedroom2       0.388491  0.037019      0.154157  -0.002022   0.003447   \n",
       "Bathroom       0.307518  0.036333      0.147558   0.167955  -0.059183   \n",
       "Car            1.000000  0.037829      0.104373   0.128702  -0.009020   \n",
       "Landsize       0.037829  1.000000      0.354530   0.044474   0.025318   \n",
       "BuildingArea   0.104373  0.354530      1.000000   0.067811   0.017155   \n",
       "YearBuilt      0.128702  0.044474      0.067811   1.000000   0.091592   \n",
       "Lattitude     -0.009020  0.025318      0.017155   0.091592   1.000000   \n",
       "Longtitude     0.047213 -0.002582     -0.002143  -0.022175  -0.345589   \n",
       "Propertycount -0.009617 -0.018195     -0.024523   0.022420   0.011112   \n",
       "\n",
       "               Longtitude  Propertycount  \n",
       "Rooms            0.103235      -0.071677  \n",
       "Price            0.173248      -0.052935  \n",
       "Distance         0.200946      -0.018140  \n",
       "Postcode         0.362895       0.017108  \n",
       "Bedroom2         0.106164      -0.053451  \n",
